   113.38831395699559     
   54.798029742534688     
   39.952029351068603     
   67.438040461469583     
   93.265704587244983     
   39.674645914936832     
   105.09375768367232     
   155.17352000293224     
   84.583813415160293     
   114.58896756413695     
   96.282054681384636     
   135.76039681826498     
   67.438040461469583     
   129.56902193457637     
   86.884515992501520     
   113.38831395699556     
   54.798029742534688     
   57.215260624373258     
   131.70534285686776     
   132.00832026631753     
   158.56250230719607     
   105.09375768367229     
   155.17352000293218     
   93.813520774984866     
   55.996420785708580     
   30.481347943977156     
   23.002898277039780     
   94.928145507331607     
   100.14151880093307     
   96.817297080292363     
   39.918500336598029     
   84.870920930553552     
   48.215776834082739     
   101.77486054687022     
   162.85959829443169     
   134.67478866941701     
   100.14151880093306     
   94.928145507331621     
   96.817297080292363     
   56.734722424691817     
   122.91423645886098     
   86.588321899135408     
   162.85959829443169     
   101.77486054687023     
   134.67478866941698     
   125.74776708771549     
   113.36318283473392     
   82.461708440374736     
   146.77614772864689     
   84.065470765211458     
   105.97817344791837     
   146.77614772864689     
   84.065470765211472     
   105.97817344791838     
   135.51519982462364     
   161.86175793831640     
   148.04144208029936     
   135.51519982462366     
   161.86175793831629     
   148.04144208029930     
   137.97153504012226     
   123.95802356436741     
   119.01939997386332     
   137.97153504012226     
   123.95802356436741     
   119.01939997386332     
   148.89306933461913     
   136.76987283184067     
   160.33781946880958     
   148.89306933461913     
   136.76987283184067     
   160.33781946880958     
   98.814058703637471     
   78.011492676579792     
   70.717944720288983     
   122.66486937000566     
   78.011492676579792     
   70.717944720288997     
   124.46854130123596     
   157.86058338040289     
   89.804832061428286     
   124.46854130123602     
   157.86058338040283     
   89.804832061428257     
   46.002500934528058     
   148.58205690756483     
   88.150320956813673     
   46.002500934528058     
   148.58205690756483     
   88.150320956813673     
   136.35613562003977     
   147.73684113614635     
   165.16516525646634     
   136.35613562003977     
   147.73684113614635     
   165.16516525646634     
   138.66805690068500     
   84.636216436516051     
   34.684158653985449     
   84.636216436516079     
   138.66805690068500     
   34.684158653985435     
   140.43020620692502     
   84.514476621655874     
   155.94810007440171     
   84.514476621655888     
   140.43020620692505     
   155.94810007440165     
   87.599231593514702     
   114.39448021020266     
   126.76531442698199     
   114.39448021020266     
   116.29832847018226     
   126.76531442698199     
   70.230911943749831     
   147.00265026527461     
   66.379295050471370     
   147.00265026527461     
   70.230911943749831     
   66.379295050471370     
   113.38831395699559     
   110.08017464794469     
   105.09375768367232     
   109.48165305512204     
   129.56902193457637     
   84.583813415160293     
   129.56902193457637     
   109.48165305512208     
   131.70534285686776     
   114.14648662694407     
   153.39511348320158     
   132.00832026631753     
   129.56902193457637     
   109.48165305512208     
   131.70534285686776     
   131.26644019659045     
   153.39511348320158     
   132.00832026631753     
   113.38831395699556     
   110.08017464794466     
   105.09375768367229     
   109.48165305512204     
   129.56902193457637     
   93.813520774984866     
   146.77614772864689     
   129.18824777758695     
   135.51519982462364     
   134.99807935021420     
   121.00098334007942     
   148.04144208029936     
   123.95802356436741     
   134.99807935021423     
   148.89306933461913     
   150.08410129657472     
   157.05944143589647     
   136.76987283184067     
   123.95802356436741     
   134.99807935021423     
   148.89306933461913     
   150.08410129657472     
   157.05944143589647     
   136.76987283184067     
   146.77614772864689     
   129.18824777758692     
   135.51519982462366     
   134.99807935021428     
   121.00098334007942     
   148.04144208029930     
   110.57256939056798     
   86.469270351064068     
   93.033402688849463     
   86.463967895220662     
   86.120393077730952     
   126.10874336754003     
   86.469270351064026     
   74.830430515906883     
   86.463967895220478     
   93.033402688849378     
   138.61856064102139     
   86.469270351064040     
   86.120393077730924     
   74.830430515906883     
   86.463967895220478     
   93.033402688849236     
   138.38364914719023     
   86.469270351064040     
   110.90578433349117     
   86.469270351064026     
   93.033402688849378     
   86.463967895220648     
   86.469270351064040     
   126.10874336754003     
   114.25993454086098     
   112.22683015175488     
   112.22683015175473     
   114.25993454086080     
   112.22683015175473     
   114.25993454086080     
   114.25993454086093     
   112.22683015175483     
   12.077361529510569     
   33.628830841597804     
   39.908653237199339     
   33.497667983649968     
   70.560696076373972     
   51.243881462242591     
   66.650003066250775     
   61.564166184496109     
   93.834674494583467     
   65.003129495421305     
   26.234682488021747     
   45.855332407678311     
   37.460747875145834     
   75.552310303002130     
   35.133253132602931     
   59.336989796930361     
   24.909028436621348     
   57.462087261135643     
   94.460125340680023     
   150.29712482496598     
   95.179723164344708     
   35.111984542170376     
   35.315412246263506     
   54.288493142121013     
   18.769895277912486     
   77.688090512669305     
   59.939356567829748     
   60.053571289326804     
   165.86244798727972     
   32.284363809109514     
   38.261885466863994     
   131.60239093044700     
   109.69083654545641     
   88.750355592018437     
   129.84351132699774     
   144.56632009202622     
   101.56207255515511     
   112.02951841090048     
   43.715035450864164     
   31.748651184441869     
   77.688090512669305     
   58.338125490472038     
   47.519225904762720     
   35.980507909551243     
   26.300418520599585     
   109.69083654545641     
   88.750355592018437     
   38.261885466863994     
   131.60239093044700     
   129.84351132699774     
   144.56632009202622     
   89.787241008811634     
   60.053571289326804     
   32.284363809109514     
   50.137376657498649     
   88.750355592018437     
   110.59382569338808     
   109.71846805458172     
   79.228313665107294     
   63.207137786798071     
   52.816334766081852     
   93.986783709972045     
   148.78444929185153     
   54.288493142121048     
   91.257928607362246     
   35.315412246263477     
   75.552310303002145     
   59.939356567829790     
   59.865823787570534     
   150.29712482496601     
   94.460125340679951     
   95.179723164344622     
   98.814058703637471     
   115.37640796074803     
   124.46854130123596     
   115.19287619623786     
   148.58205690756489     
   89.804832061428286     
   148.58205690756483     
   115.19287619623796     
   136.35613562003977     
   110.26426065526498     
   151.73204688667849     
   147.73684113614635     
   148.58205690756483     
   115.19287619623796     
   136.35613562003977     
   110.26426065526498     
   151.73204688667849     
   147.73684113614635     
   122.66486937000566     
   115.37640796074803     
   124.46854130123602     
   115.19287619623783     
   148.58205690756486     
   89.804832061428257     
   114.25993454086098     
   112.22683015175488     
   112.22683015175473     
   114.25993454086080     
   112.22683015175473     
   114.25993454086080     
   114.25993454086093     
   112.22683015175483     
   108.08774654667306     
   116.86293444207581     
   116.86293444207578     
   108.08774654667296     
   116.86293444207578     
   108.08774654667296     
   108.08774654667306     
   116.86293444207581     
   58.600967097269745     
   92.373361252942672     
   49.868184896046046     
   62.642588134130314     
   65.930763152170002     
   58.976687930836505     
   61.012427330031862     
   137.80174099879625     
   108.74362782423283     
   151.78005634627797     
   78.871684340413566     
   128.35961510161479     
   137.80174099879588     
   61.012427330031805     
   108.74362782423293     
   112.37833502474435     
   128.35961510161499     
   78.871684340413566     
   61.355759906944691     
   172.25284685205682     
   151.04247671740418     
   111.73014462334440     
   165.59316810746995     
   131.65328189401399     
   67.527109448853651     
   52.431173780175648     
   137.80174099879588     
   61.012427330031805     
   128.35961510161499     
   78.871684340413566     
   151.04247671740418     
   111.73014462334440     
   61.355759906944691     
   172.25284685205682     
   165.59316810746995     
   131.65328189401399     
   109.39599256195558     
   111.73014462334440     
   143.27547040743798     
   150.68961100371419     
   144.44517387327991     
   56.850235614852203     
   108.74362782423283     
   151.78005634627792     
   61.012427330031805     
   137.80174099879622     
   78.871684340413509     
   128.35961510161485     
   122.91423645886098     
   113.36318283473392     
   125.74776708771549     
   65.954277735305581     
   82.461708440374736     
   96.817297080292406     
   162.85959829443169     
   158.11846692495715     
   94.928145507331621     
   101.77486054687023     
   48.188092063987696     
   134.67478866941698     
   94.928145507331607     
   101.77486054687022     
   162.85959829443169     
   158.11846692495715     
   51.543790910361508     
   134.67478866941701     
   125.74776708771549     
   61.239432115397761     
   122.91423645886098     
   113.36318283473392     
   82.461708440374736     
   96.817297080292406     
   87.599231593514702     
   70.230911943749831     
   147.00265026527461     
   37.919242197139376     
   66.379295050471370     
   33.463315363275349     
   140.43020620692502     
   104.73434976598215     
   84.636216436516051     
   84.514476621655874     
   68.160672545192284     
   155.94810007440171     
   84.636216436516079     
   84.514476621655888     
   140.43020620692505     
   104.73434976598217     
   68.160672545192298     
   155.94810007440165     
   147.00265026527461     
   37.919242197139376     
   116.29832847018226     
   70.230911943749831     
   66.379295050471370     
   33.463315363275349     
   15.272819449686663     
   89.146973766381350     
   101.56207255515511     
   94.460125340679951     
   88.750355592018437     
   123.94921971326912     
   51.753939350881488     
   43.715035450864164     
   38.261885466863994     
   150.29712482496601     
   62.326346326559303     
   70.015294692124513     
   104.99554860570559     
   77.688090512669305     
   101.66138859617416     
   95.179723164344622     
   89.166531615492303     
   144.56632009202622     
   94.460125340680023     
   88.750355592018437     
   39.141819040355990     
   60.053571289326804     
   138.20451717029673     
   54.288493142121048     
   150.29712482496598     
   110.59382569338808     
   62.326346326559332     
   89.638437756576494     
   85.805718288478701     
   75.552310303002145     
   95.179723164344708     
   55.345179943725746     
   89.166531615492360     
   32.284363809109514     
   63.207137786798071     
   59.865823787570534     
   33.497667983649968     
   62.326346326559303     
   150.29712482496601     
   110.24545522872417     
   75.552310303002130     
   46.663809773395194     
   66.650003066250775     
   21.855694733077716     
   94.460125340680008     
   138.20451717029670     
   35.133253132602931     
   43.636658325814238     
   46.182790591517168     
   89.166531615492360     
   95.179723164344708     
   93.834674494583467     
   57.462087261135643     
   41.208911190949912     
   35.111984542170376     
   38.261885466863994     
   52.816334766081852     
   62.326346326559303     
   70.015294692124513     
   150.29712482496601     
   89.146973766381350     
   54.288493142121013     
   93.986783709972045     
   88.750355592018437     
   123.94921971326912     
   94.460125340679951     
   77.688090512669305     
   101.66138859617416     
   68.225548447611715     
   89.166531615492303     
   144.56632009202622     
   95.179723164344622     
   56.807929287043734     
   67.527109448853651     
   111.73014462334440     
   156.44887572026374     
   137.80174099879588     
   61.355759906944691     
   113.07363379844740     
   116.32642742490685     
   128.35961510161499     
   127.87452902701300     
   145.37878883747837     
   131.65328189401399     
   111.73014462334440     
   71.053302350040354     
   156.75725075660108     
   108.74362782423283     
   143.27547040743798     
   113.07363379844730     
   112.85527708046898     
   137.80174099879622     
   94.103685870777895     
   145.37878883747860     
   56.850235614852203     
   128.35961510161485     
   58.600967097269745     
   113.07363379844733     
   76.403979490289927     
   137.80174099879625     
   62.642588134130314     
   19.649280070062499     
   156.75725075660114     
   108.74362782423283     
   36.168794138173617     
   145.37878883747860     
   58.976687930836505     
   128.35961510161479     
   137.80174099879588     
   61.355759906944691     
   113.07363379844740     
   116.32642742490685     
   74.430388584108556     
   108.74362782423293     
   111.73014462334440     
   156.44887572026374     
   128.35961510161499     
   127.87452902701300     
   145.37878883747837     
   131.65328189401399     
   111.35664437791792     
   76.797095579109964     
   75.487956881467895     
   84.353475764182818     
   102.13247185097077     
   113.91413460203502     
   82.190524215060734     
   94.317694425169961     
   111.35664437791792     
   102.13247185097077     
   147.62239529887086     
   84.712363105939886     
   62.180015125941097     
   113.91413460203502     
   94.269220619944392     
   66.272566249108749     
   144.67210879964483     
   82.190524215060734     
   84.712363105939886     
   129.89192078249300     
   59.533202311151690     
   94.317694425169961     
   86.237139477223309     
   94.269220619944392     
   113.91413460203493     
   102.13247185097069     
   94.317694425170018     
   81.925883610989203     
   98.169803096072911     
   154.74626930221220     
   131.48045952466222     
   96.311541498819764     
   113.91413460203493     
   122.08651718577488     
   86.237139477223351     
   94.269220619944448     
   102.13247185097069     
   142.86278423435732     
   84.712363105939929     
   125.18621276928474     
   94.317694425170018     
   42.736063595635990     
   94.269220619944448     
   46.017245265894488     
   81.925883610989203     
   96.311541498819764     
   147.62239529887091     
   84.712363105939929     
   113.91413460203493     
   122.08651718577488     
   86.237139477223380     
   94.269220619944448     
   102.13247185097070     
   142.86278423435732     
   84.712363105939943     
   125.18621276928474     
   113.91413460203493     
   102.13247185097070     
   94.317694425170018     
   81.925883610989231     
   98.169803096072926     
   154.74626930221220     
   131.48045952466228     
   96.311541498819764     
   94.269220619944448     
   46.017245265894488     
   94.317694425170018     
   42.736063595635990     
   147.62239529887091     
   84.712363105939943     
   81.925883610989231     
   96.311541498819764     
   111.35664437791792     
   102.13247185097077     
   147.62239529887086     
   84.712363105939886     
   62.180015125941097     
   113.91413460203502     
   94.269220619944392     
   66.272566249108749     
   111.35664437791792     
   76.797095579109964     
   113.36186566003094     
   84.353475764182818     
   102.13247185097077     
   113.91413460203502     
   82.190524215060734     
   94.317694425169961     
   84.712363105939886     
   129.89192078249300     
   144.67210879964483     
   82.190524215060734     
   86.237139477223309     
   94.269220619944392     
   59.533202311151690     
   94.317694425169961     
